1750
1800
2034
2098
2178
2186
2230
2488
2809
2969
3116
3197
3453
3499
3545
3570
4127
4187
4281
4447
4457
4904
4962
4977
5094
5272
5513
5981
6176
6201
6207
6281
6284
6845
6885
6951
6955
7039
7084
7332
7431
7536
7623
7789
8063
8146
8177
8504
8670
8818
8858
8868
8947
9092
9326
9346
9389
9521
9631
9984
10048
10254
10329
10456
10795
11199
11544
12040
12208
12239
12659
12927
13573
14177
14195
14272
14693
14707
14846
14930
15615
16040
16058
16099
16160
16732
16859
16868
16875
16918
16988
17313
17843
18230
18255
18349
18498
18748
18926
19411
19446
19584
19612
19617
19745
19871
20212
20286
20520
20629
21076
21175
21344
21510
21535
21665
22356
22444
22701
23111
23194
23197
23217
23795
24090
24104
24491
24545
24741
25232
25445
25475
25743
25895
26058
26076
26172
26324
26780
27419
27904
27996
28412
28823
28917
29002
29332
29534
29644
29669
29905
29989
30125
30305
30625
30697
30831
31107
31235
31347
31462
31667
31791
31978
32604
32621
33002
33185
33213
33488
33533
33619
33934
33992
34067
34088
34563
34782
34903
34956
35214
35527
36029
36047
36104
36146
36270
36377
36506
36966
37472
37785
37808
37996
38264
38725
38777
39020
39092
39263
39311
39368
39677
39899
39911
40211
40417
40533
40545
40570
40704
40729
40888
40987
41719
42316
42582
42682
42888
43196
43920
45012
45876
45919
46080
46129
46195
46250
46619
46765
47111
47217
47518
48039
48287
48465
48898
49071
49196
49600
49728
49754
49826
49938
50104
50471
50493
50725
50863
51143
51253
51434
51548
51644
52795
52827
52988
54187
54381
54480
55067
55135
55242
55529
55772
55785
56047
56679
56701
56868
56873
56978
57083
57131
57515
57528
57725
58361
58492
59255
59440
59478
59527
59558
60086
60519
60667
60714
60977
61004
61398
61986
62234
62362
62709
62996
63276
63296
63330
63754
63908
64040
64472
64803
64996
65011
65172
65270
65312
65433
65596
65770
65984
66004
66382
66418
66570
66740
66756
67088
67215
67347
67625
67716
67887
68505
68709
69422
69488
69633
69733
69891
70145
70318
70415
70487
70858
70866
71691
71829
72162
72207
72331
72333
72444
72573
72633
72741
72903
72971
73088
73124
73290
73309
73756
74046
74208
74260
74303
75208
75252
75288
75340
75362
75398
75677
76267
76282
76321
76334
76605
77159
77281
77360
77476
77543
77776
77877
78003
78128
78150
78239
78749
78814
78890
79282
79879
80035
80172
80420
80424
80661
81362
81955
82020
82166
82473
82811
84129
84246
84748
84839
85408
85535
85961
86115
86312
87050
87347
87565
88121
88205
88790
88941
88948
89089
89140
89439
89800
90168
90498
90896
91142
91419
91440
91576
91767
91928
92122
92230
92380
92679
93314
93389
93410
93556
93676
93751
94049
94344
94845
95029
95521
95552
95574
95953
96021
96223
96536
96699
96793
96869
96885
96943
97134
97210
97216
97476
97745
98222
98246
98338
98362
98677
99302
99780
100378
100493
100517
100591
100716
100726
100885
101199
101295
101382
101538
101594
101778
101829
101830
101984
102037
102109
102212
102426
102729
102752
103145
103379
103595
103730
103872
104169
104889
104894
104897
104918
105016
105132
105319
105418
105634
105744
105770
106040
106455
106532
106535
106640
107140
107263
107687
108312
108385
108516
108985
109177
109198
109380
109563
110471
110621
200406
202058
203527
203596
215466
216085
216228
216851
217346
217410
225211
225648
230557
275053
275694
275880
276209
276720
277058
277135
277375
277509
277595
277948
278130
278166
310056
310142
310158
310354
310568
310764
311094
311337
311817
312069
313143
313216
313364
313616
313716
313807
313838
313927
314203
314489
314590
314808
315131
315189
315213
315374
315449
315709
315849
315852
315858
316253
316709
316888
317540
317788
318154
318300
318306
318673
318833
318996
319201
319458
319654
319655
319815
320017
320187
320193
320335
320340
320575
350403
350698
350737
350797
350852
350868
350894
351569
351789
351817
351834
351998
352541
352825
352915
352955
352998
353020
353184
353278
353569
354190
354647
354707
354908
354950
354963
355019
355811
355948
355999
356028
356037
356130
356171
356309
357020
357097
357173
357294
357301
700564
700565
700841
700923
701288
701347
701374
701719
701818
701869
701985
702165
702325
702513
703351
703361
703604
704051
704415
704440
704532
704562
705432
706129
706698
706863
707179
707388
707549
707605
707886
708781
708818
708819
708821
708955
709283
709337
710752
711377
711404
711665
711669
711772
712034
712515
712534
712537
712770
712771
713095
713425
713671
713676
714284
714310
714395
714562
714603
715072
715153
715446
715579
715787
715957
716006
716133
716314
716605
716634
716643
717423
717538
717605
717720
717806
717826
717954
718332
718877
718937
718940
719135
719209
719220
719245
719402
719413
719733
719739
719955
720002
720005
720154
720500
720672
720858
720875
721371
721447
721683
721693
721994
722313
722723
722830
723125
723188
723254
723531
723603
723612
723646
724004
724571
724742
724910
725363
726513
726514
726601
726728
726854
726958
727207
727273
728387
728535
729580
729986
730255
730263
730272
730464
730708
731012
731653
731766
731802
732026
732712
732717
732834
733099
733269
733590
736744
736772
737468
737758
738214
740260
740663
740664
740971
741516
742112
742278
743238
743316
743367
743988
744187
744218
744452
744825
745308
745732
745981
746210
746514
746515
746598
746838
748592
748691
749037
749038
749098
749251
749647
749660
750004
750556
750574
750577
750686
751364
751365
751978
752642
752714
753308
754737
754811
755001
756620
756894
757011
758938
759828
759866
759944
760498
761238
761648
763532
763563
763744
763901
763907
764038
764065
764180
764195
764401
764478
764579
764622
765207
765880
766011
766421
766701
766704
766792
766829
767405
768408
768411
768710
768835
768899
769218
769397
769520
770460
771266
771497
771856
771992
771999
772406
773141
773840
773910
774569
775158
775215
775368
776867
776901
778164
778946
779152
779336
779544
780571
783005
783280
783324
783325
783412
784011
784199
784977
785161
785557
785786
785956
786035
787253
788329
788611
788784
788920
788965
789019
789460
789570
789933
790051
790359
790500
790526
790703
790715
790816
791718
791908
791915
791963
792130
792966
792977
792987
793040
793074
793524
793547
793628
793733
793952
794170
794172
794367
794619
794685
795212
795266
795403
795618
796343
796505
796534
797465
797468
797721
798081
798287
798354
798359
798528
798783
798941
798949
799165
799167
799195
799231
799233
799288
799292
799698
799729
799850
800166
800240
800457
801337
801961
802481
802681
803016
803647
803649
804116
804123
804328
804753
805022
805267
805676
805928
806279
806517
806628
806968
807707
807863
807882
808326
808439
808450
808461
809173
809248
809559
809708
809844
809933
810136
810332
810509
810766
810943
810958
811156
811212
811240
811532
811589
811596
811641
811808
811809
811831
811922
812011
812074
812128
812348
812701
812796
812801
813298
813623
813672
813762
813828
814052
814083
814453
814547
814549
814585
814586
814676
815094
815097
815556
816284
816761
816956
817720
818033
818479
818686
818850
818851
818972
819050
819220
819689
819793
819913
820027
820081
820313
820318
821002
821026
821127
821130
821189
821483
821995
822411
822416
822662
822663
822794
822818
823094
823768
824142
824410
825202
825313
825324
825345
825542
826020
826154
826326
826675
826735
827052
827054
827187
827773
827809
827871
828146
828803
828916
828944
829224
829323
829365
830122
830271
830487
830524
830622
831001
831259
831547
831641
831655
832101
832327
832428
832488
832988
833021
833040
833079
833444
833640
834285
834365
835011
835324
835333
835403
835887
835948
836147
836157
836412
836690
837465
837852
838131
838875
839122
839470
839533
839923
840489
840551
840715
842023
842162
842180
842183
842295
842518
842633
842717
842905
843006
844059
844143
844150
844161
844172
844790
844965
845379
845606
845611
845877
845982
846475
846546
846596
846617
846671
846676
846901
846913
847411
849146
849395
849399
849547
849869
850027
850033
850141
850209
850261
850429
850460
851170
851205
851310
851520
851968
852772
853816
854560
854775
854800
855612
855654
855658
855683
855874
855886
855887
856128
856218
856982
857005
857737
857855
857949
858339
858446
858470
858655
858706
858707
858800
858877
859070
859120
859163
859222
859598
859737
859796
860413
860489
860546
860730
860731
860748
861459
861838
861842
861878
861884
862022
862599
862831
862861
863064
863110
863436
863894
863900
864240
864415
864509
864749
865058
865277
865752
866028
866095
866121
866273
866368
866374
866609
866706
866729
866787
866829
867374
867665
867773
868271
868278
868578
868611
868671
868675
868780
868857
870385
870780
870826
871763
872248
872589
873044
873303
873860
874015
874238
874292
874396
874499
874501
874710
874716
874761
874766
874866
874977
875045
875159
875320
875355
875357
875582
875622
875657
876167
876343
876378
876427
876437
876523
876717
876779
876883
877212
877365
877422
877463
877808
877860
877890
878198
878200
878201
878518
878526
878726
878828
878927
878929
878932
879101
879169
879361
879407
879526
879535
879575
879585
879635
879682
879764
880117
880266
880285
880406
880432
880631
880807
880892
881524
881787
881890
882071
882095
882104
882150
882152
882153
882184
882291
882300
882361
882508
882796
882835
883237
883241
883265
883412
883569
883618
883902
883943
883945
883948
883975
883980
883984
884121
884144
884152
884216
884217
884219
884247
884269
884461
884614
884624
884713
884887
884940
885125
885245
885307
885462
885508
885550
885590
885601
885639
885725
885731
885732
885733
885740
885978
886035
886043
886128
886136
886137
886158
886163
886206
886346
886744
886835
886977
886982
886986
887153
887225
887226
887247
887343
887359
887394
887546
887596
887730
887733
887905
887919
887921
887936
888410
888411
888491
888504
888721
888746
889132
889331
889348
889609
889900
889971
890066
890119
890196
890319
890393
890394
890447
890491
890541
890564
890926
891014
891024
891038
891103
891166
891188
891290
891293
891478
891482
891532
892222
892450
892482
892537
892553
892992
893538
893691
893739
893821
893847
893949
894081
894158
894237
894239
894242
894315
894351
894405
894627
894671
895051
895126
895417
895419
895421
895447
895456
895528
895531
895574
895658
895665
895728
896156
896159
896262
896264
896429
896493
896494
896622
896841
896878
896923
896985
897077
897269
897322
897419
897421
897424
897429
897448
897723
897802
898173
898174
898293
898437
898770
899051
899460
899629
899689
899715
899749
899751
899752
899761
899782
899866
899923
900075
900349
900391
900422
901243
901491
901824
901832
902274
902791
903129
903419
903571
903651
904112
904851
904979
906013
906107
906163
906193
906338
906345
906465
906553
906709
906780
907242
907254
907471
907573
907654
908187
908255
908311
908315
908732
908937
908993
909037
909108
909112
909494
909724
909832
910068
910073
910108
910267
910329
910406
910521
910606
910612
910631
910638
910679
911109
911147
911177
911216
911308
911649
911971
912061
912093
912147
912242
912463
912505
912562
912593
912595
912603
912615
912728
912729
912750
912752
912766
912767
912892
912958
913059
913142
913144
913241
913277
913290
913341
913353
913662
913760
914025
914122
914139
914156
914475
914712
915358
915389
915778
915779
915840
915912
915913
916076
916183
916365
916457
916529
916540
916618
916789
916793
916907
917100
917225
917251
917273
917470
917491
917520
917523
917851
918160
918251
918541
918580
918608
918646
918965
919012
919239
919708
919808
919893
919956
919991
920112
920148
920371
920424
920427
920448
920465
920522
920532
920760
921082
921112
921114
921183
921299
921557
921582
921638
921671
921738
921825
922224
922358
922612
922621
922864
923120
923139
923571
923796
924168
924383
924613
924717
924805
924822
924901
925261
925528
925645
925683
925741
926042
926282
926326
926423
926617
926864
927003
927066
927355
927628
927653
927971
928022
928054
928340
928465
928658
928876
929008
929058
929351
929545
929869
929872
929940
930236
930420
930543
931015
931148
931336
931427
931584
932470
932628
932695
932696
932781
932787
932872
933034
933036
933136
933141
933267
933738
933974
934549
934648
935036
935419
935494
935703
936340
936395
936402
936468
936528
937098
937556
937941
937966
938323
939767
939930
940942
940944
941221
942126
943003
943034
943184
943452
943819
943861
944075
944148
944314
944480
944695
944745
944809
945114
945394
945764
945841
945983
946394
946454
946563
946581
946644
946647
946673
946936
947263
947484
947559
948642
948708
949039
949157
949158
949428
949721
949858
949870
949961
1000045
1000177
1000184
1000209
1000228
1000229
1000230
1000275
1000298
1000623
1000683
1000694
1000697
1000753
1001082
1001085
1001115
1001171
1001233
1001250
1001258
1001290
1001316
1001385
1001807
1001838
1001902
1001907
1002047
1002135
1002242
1002517
1002590
1002638
1002910
1003078
1003201
1003642
1003935
1004315
1004434
1004530
1004702
1004724
1004980
1004989
1005201
1005210
1005229
1005284
1005286
1005516
1005699
1005731
1005757
1005817
1006045
1006269
1006281
1006424
1006655
1006837
1007019
1007273
1007330
1007587
1008586
1008654
1008848
1009001
1009672
1009759
1009829
1009891
1010086
1010470
1010612
1010858
1011432
1011509
1011570
1012019
1012100
1012139
1012477
1012620
1012771
1013131
1013237
1013238
1013272
1013462
1013488
1013605
1013606
1013706
1013857
1013871
1013880
1013934
1014473
1014739
1015155
1015328
1015647
1015650
1015739
1015780
1015820
1015922
1016125
1016169
1016178
1016281
1016838
1017303
1017413
1017480
1017491
1017673
1017907
1017968
1018164
1018399
1018724
1018735
1018840
1018963
1018979
1019034
1019671
1019695
1019737
1019849
1020214
1020569
1020710
1020859
1021162
1021270
1021561
1021604
1021635
1021860
1021991
1022079
1022321
1022408
1022469
1022646
1022652
1022671
1022837
1023024
1023128
1023313
1023364
1023459
1023512
1023514
1023731
1023844
1023860
1023994
1024126
1024305
1024478
1024672
1024725
1024795
1025378
1025561
1025835
1025996
1026655
1026662
1026785
1026980
1027552
1027662
1027664
1027838
1027884
1028215
1028734
1028918
1028954
1029142
1029145
1029199
1029730
1029744
1029800
1030469
1030471
1030475
1030749
1030894
1030997
1031029
1031203
1031235
1031296
1031316
1031623
1032033
1032208
1032220
1032975
1033012
1033767
1033905
1034054
1034665
1034670
1034760
1034842
1034957
1035002
1035092
1035201
1035267
1035354
1035443
1035748
1035976
1035983
1036044
1036141
1036188
1036262
1036848
1037016
1037038
1037390
1037540
1037646
1037676
1037868
1037962
1037976
1038074
1038133
1038143
1038186
1038190
1038222
1038357
1038683
1038773
1039065
1039101
1039280
1039399
1039684
1039765
1039828
1040130
1040161
1040426
1040470
1040593
1040719
1040792
1040829
1040896
1040971
1041024
1041061
1041368
1041514
1041550
1041657
1041668
1041792
1041803
1041859
1041934
1042046
1042074
1042187
1042729
1042776
1042893
1043000
1043219
1043277
1043337
1043509
1043604
1043961
1044378
1044777
1044896
1045126
1045309
1045425
1045450
1045520
1045609
1045742
1045810
1045986
1046025
1046050
1046102
1046179
1046203
1046257
1046311
1046327
1046568
1046995
1047122
1047127
1047335
1047340
1047716
1047862
1047884
1048268
1048286
1048477
1048695
1048911
1049502
1049521
1049606
1049659
1049782
1050140
1050377
1050441
1050446
1050606
1050743
1050797
1050825
1050915
1051003
1051004
1051343
1051470
1051512
1051514
1051627
1052054
1052100
1052595
1052752
1053352
1053374
1053507
1053532
1053584
1053691
1053706
1053988
1054102
1054721
1054905
1055160
1055726
1055886
1056087
1056285
1056288
1056358
1056386
1056696
1056903
1056943
1057060
1057083
1057352
1057379
1057706
1057861
1057877
1058057
1058090
1058234
1058239
1058290
1058623
1058811
1058867
1059142
1059213
1059262
1059272
1059386
1059556
1060009
1060219
1060349
1060391
1060736
1060822
1060955
1061069
1061219
1061353
1061574
1061630
1061894
1061983
1062047
1062231
1062292
1062579
1062822
1063259
1063344
1063537
1063761
1064728
1065059
1065078
1065088
1065280
1065332
1065696
1065837
1066116
1066194
1066605
1066923
1067294
1067428
1067491
1067701
1067837
1067983
1068851
1068875
1068963
1069157
1069183
1069202
1069258
1069308
1069394
1069530
1069533
1069878
1069899
1069996
1070081
1070154
1070235
1070296
1070304
1070336
1070412
1070423
1070494
1070524
1070680
1070732
1070750
1070985
1071236
1071255
1071321
1071739
1071899
1071993
1072627
1073349
1073429
1073475
1074540
1074685
1074686
1074687
1074688
1074690
1074691
1074692
1074769
1074902
1074952
1075124
1075415
1075531
1075607
1075706
1075736
1076378
1076682
1076930
1077183
1077428
1077618
1077688
1077771
1078075
1078099
1078207
1078217
1078271
1080014
1080056
1080340
1080709
1080720
1082038
1082324
1082554
1082923
1083220
1083301
1083446
1083643
1083839
1084048
1084201
1084384
1084554
1084577
1084765
1084869
1084961
1084991
1085243
1085621
1085869
1086222
1086434
1086600
1086745
1086888
1087294
1087423
1087456
1087786
1088034
1088166
1088856
1089063
1089094
1089113
1089143
1089511
1089531
1089872
1090009
1090012
1090061
1090116
1090159
1090425
1090633
1090727
1090872
1090908
1091223
1091587
1091667
1091748
1091883
1091907
1092289
1092662
1092699
1092796
1092896
1093082
1093428
1093557
1093672
1093691
1094005
1094038
1094285
1094324
1094348
1094366
1094517
1094739
1094810
1094831
1094972
1095052
1095073
1095277
1095291
1095315
1095348
1095565
1095595
1095651
1095981
1095996
1096056
1096343
1096376
1096385
1096691
1096752
1097149
1097362
1097864
1098146
1098151
1098972
1099160
1099219
1099590
1099800
1099941
1100397
1100412
1100682
1101215
1101239
1101302
1101396
1101680
1102112
1102238
1102266
1102934
1102993
1103021
1103601
1103838
1103982
1104349
1104485
1104506
1104657
1104855
1105101
1105533
1105705
1106644
1106838
1107421
1107843
1108109
1108134
1108205
1108236
1108320
1108329
1108426
1108524
1108827
1108967
1109116
1109138
1109189
1109196
1109242
1109345
1109354
1109357
1109546
1110646
1110647
1110649
1110783
1110803
1110805
1111335
1111711
1111759
1111863
1111928
1112920
1113148
1113169
1113232
1113256
1113423
1113481
1113809
1113866
1114220
1114448
1114483
1114700
1114925
1114995
1115055
1115128
1115836
1115837
1116132
1116284
1116463
1116578
1116942
1117057
1117171
1117297
1117480
1117733
1117795
1118237
1118417
1119083
1119639
1119769
1119774
1119985
1120193
1120370
1120914
1120970
1121142
1121404
1121484
1121702
1121788
1122063
1122304
1122388
1122411
1122491
1122904
1122976
1123134
1123270
1123316
1123360
1123452
1123494
1123658
1123661
1123799
1123979
1124105
1124140
1124198
1124524
1124610
1124796
1124804
1124941
1125345
1125376
1125920
1126328
1126741
1126874
1126956
1126975
1127371
1127703
1128173
1128361
1128928
1129137
1129155
1129260
1129928
1130144
1130166
1130310
1130464
1130598
1130713
1131096
1131227
1131312
1131324
1131343
1131383
1131399
1131554
1132105
1132651
1132924
1132979
1133311
1133416
1133421
1133470
1133818
1133869
1134115
1135185
1135657
1135951
1136174
1136352
1136869
1136893
1137390
1137391
1137392
1137393
1137411
1137440
1137547
1137774
1137789
1137883
1137887
1138118
1138639
1138723
1138776
1139812
1140102
1140215
1140310
1140392
1140410
1140411
1140536
1140625
1140859
1141103
1141197
1141391
1141688
1141807
1142417
1142596
1142750
1143068
1143513
1144215
1144519
1144800
1144967
1144980
1145057
1145197
1145255
1145986
1156039
1156041
1156375
1156388
1157408
1157557
1157601
1157647
1157762
1157817
1157842
1158041
1158114
1158172
1158289
1158324
1158399
1158420
1158449
1158463
1158780
1158863
1158895
1159036
1159038
1159039
1159040
1159152
1159167
1159281
1159508
1159510
1160106
1160308
1160330
1160791
1160846
1160864
1160958
1160990
1161125
1161154
1161611
1161728
1161814
1162027
1162028
1162112
1162194
1162461
1162556
1163165
1163199
1163302
1163370
1163653
1163668
1163739
1163792
1164727
1164771
1164863
1165002
1166003
1166126
1166141
1166258
1166272
1166388
1166663
1166691
1166928
1167379
1167419
1167467
1167470
1168054
1168455
1168696
1169029
1169031
1169034
1169245
1169445
1169561
1169652
1169770
1169987
1169988
1170010
1170299
1170300
1170311
1170534
1170858
1170991
1171155
1171471
1171486
1171662
1171759
1171825
1172052
1172136
1172222
1172358
1172494
1172631
1172724
1173204
1173281
1173382
1173420
1173431
1173489
1173514
1173643
1173911
1174164
1174169
1174850
1174922
1174940
1175151
1175454
1175483
1175505
1175535
1175580
1175609
1176194
1176197
1176199
1176309
1176316
1176334
1176373
1176433
1176948
1176984
1177161
1177162
1177219
1177394
1177609
1177648
1177702
1177845
1178104
1178253
1178670
1178697
1178711
1178839
1178840
1178841
1178879
1178970
1179060
1179821
1179929
1180145
1180262
1181024
1181026
1181187
1181249
1181250
1181504
1181505
1181506
1183765
1185348
1189740
1190723
1190935
1191255
1192448
1195734
1195737
1195738
1195739
1195933
1196298
1196501
1196867
1196869
1196871
1196872
1196874
1196875
1196876
1196877
1199004
1200375
1201792
1203464
1204413
1205922
1206264
1207074
1207179
1208261
1209028
1210123
1210618
1210708
1211351
1211583
1211805
1212458
1212545
1213037
1213660
1213809
1214816
1214935
1215913
1216583
1217234
1219120
1219360
1219601
1220754
1221029
1222401
1222719
1222840
1222922
1223026
1223389
1223786
1224133
1224450
1224608
1226616
1227025
1227073
1227476
1227500
1227636
1227654
1227857
1227862
1228454
1228509
1228627
1230245
1230276
1230869
1230992
1231346
1232384
1232524
1232582
1232860
1232863
1233087
1233681
1234006
1235007
1235010
1235468
1235511
1236275
1236997
1237746
1237831
1239819
1243429
1244183
1245648
1251769
1252849
1253176
1253317
1253327
1253689
1253986
1254370
1255474
1255821
1257640
1258602
1258623
1258943
1259429
1259515
1259708
1259942
1260041
1260221
1260563
1260729
1260968
1260990
1261166
1261249
1261333
1261654
1262039
1262104
1262823
1262976
1263043
1263762
1263994
1264089
1264136
1264587
1265131
1265572
1265708
1266585
1266806
1267238
1267395
1267482
1267565
1267602
1267813
1267902
1268533
1268884
1268896
1269021
1269026
1269238
1270073
1270131
1270436
1270523
1271214
1271554
1272830
1272842
1273441
1273636
1273685
1273813
1273931
1274173
1274494
1274737
1274792
1275014
1275101
1275158
1275187
1275214
1275229
1275617
1276187
1276469
1276520
1276533
1276671
1277866
1277902
1278021
1278027
1278211
1278460
1278752
1278895
1279014
1279363
1279495
1279704
1280058
1280263
1280452
1280600
1280776
1280784
1281761
1281774
1281895
1281926
1282224
1282266
1282631
1282637
1282648
1282850
1282957
1282977
1283140
1283630
1283699
1284807
1284812
1284940
1285550
1285650
1285785
1285786
1285819
1285890
1286043
1286225
1286613
1286681
1286973
1287032
1287151
1287213
1287480
1287498
1287750
1287808
1287865
1288359
1288403
1288469
1288784
1288795
1288847
1288855
1288992
1289213
1289308
1289340
1289419
1289460
1289490
1289636
1289790
1289848
1289850
1289868
1289877
1289945
1290109
1290149
1290476
1290677
1290900
1291334
1291855
1292519
1293135
1293282
1293613
1293818
1293971
1294133
1294404
1295401
1295484
1295810
1295947
1296205
1296250
1296435
1296445
1296484
1296774
1297184
1297341
1297587
1297704
1297830
1297989
1297996
1298675
1298699
1298946
1299130
1299393
1299709
1299939
1299969
1300050
1300391
1300482
1300514
1300699
1300734
1301236
1301501
1301611
1301787
1302028
1302215
1302343
1302350
1302362
1302573
1302624
1303313
1303523
1303652
1303942
1304421
1304492
1305168
1305197
1305253
1305323
1305767
1305773
1306550
1306830
1306965
1307579
1307954
1308106
1308161
1308208
1308335
1308547
1308606
1308648
1308858
1308927
1309082
1309108
1309402
1310067
1310114
1310445
1310709
1311241
1311370
1311538
1311605
1312073
1312109
1313275
1313310
1313510
1314052
1314102
1314223
1314727
1314772
1314966
1315255
1315257
1315399
1316016
1316175
1316463
1316517
1316835
1316898
1317080
1317945
1318008
1318025
1318084
1318220
1318484
1318568
1318605
1318641
1318885
1319183
1319229
1319947
1320375
1320414
1320461
1320695
1320854
1321646
1321732
1321741
1321834
1321847
1321851
1322422
1322435
1322436
1322439
1322505
1322652
1323206
1323404
1323468
1323648
1323885
1324189
1324272
1324404
1324410
1324424
1324948
1325281
1325618
1325670
1325702
1325879
1326003
1326089
1326160
1326190
1326200
1326205
1326380
1326390
1326428
1326706
1326732
1326801
1327318
1327567
1327607
1327688
1327811
1328143
1328581
1328919
1329099
1329388
1329394
1331284
1331520
1331875
1332283
1332349
1332551
1332943
1333141
1333170
1333172
1333274
1333493
1333822
1333835
1333986
1334036
1334325
1334388
1334933
1334978
1335258
1335730
1336047
1336050
1336917
1336920
1337013
1337068
1337117
1337298
1337553
1337619
1338065
1338561
1338749
1338940
1339469
1339605
1339947
1339970
1340122
1340127
1340243
1340476
1340652
1340677
1340736
1341141
1341170
1341235
1341317
1341318
1341335
1341439
1341766
1342287
1342338
1342423
1342874
1342958
1343034
1343793
1344596
1344980
1345016
1345099
1345105
1345126
1346302
1346830
1346980
1347178
1347426
1347557
1347613
1347652
1347858
1348036
1348259
1348911
1349436
1349929
1350381
1350593
1350653
1350869
1351051
1351172
1351285
1351288
1351636
1352010
1353283
1353487
1353970
1354327
1355096
1355444
1355754
1355848
1356090
1356093
1356104
1356115
1356570
1356576
1356949
1357204
1357450
1357459
1357615
1357874
1358071
1358190
1358356
1358403
1358762
1359555
1359711
1359841
1360214
1360530
1360604
1360886
1360901
1361113
1361538
1361658
1361937
1361983
1362004
1362190
1362468
1362481
1362705
1362988
1363829
1363890
1364099
1364125
1364128
1364250
1364479
1364742
1364885
1364954
1364962
1365038
1365101
1365135
1365555
1365742
1365767
1365916
1366246
1366340
1366527
1366561
1366868
1367064
1367083
1367644
1367859
1367920
1368148
1368265
1368308
1368365
1368458
1368493
1368514
1368519
1368622
1369241
1369290
1369568
1369868
1370053
1370416
1370431
1370450
1370637
1370702
1370755
1370880
1370946
1371217
1371285
1371489
1371541
1372020
1372117
1372183
1372299
1372414
1372514
1372612
1372807
1372920
1373670
1373707
1373715
1374310
1374535
1374684
1375063
1375151
1375205
1375340
1375365
1375387
1375796
1375877
1376139
1376321
1376339
1377121
1377630
1377757
1377789
1377936
1378140
1378239
1378453
1378564
1378590
1378624
1378701
1378718
1378789
1378946
1378950
1378992
1379006
1379009
1379041
1379384
1379400
1379438
1379785
1379895
1380509
1380846
1380936
1381074
1381197
1381531
1381640
1381668
1382101
1382230
1382298
1382821
1383097
1383312
1383395
1383414
1383441
1383650
1384101
1384195
1384905
1385145
1385157
1385280
1385292
1385508
1385598
1385613
1385632
1385763
1385818
1385849
1385867
1386067
1386278
1386570
1386716
1387467
1388126
1388133
1388141
1388320
1388430
1388658
1389002
1389050
1389170
1389207
1389545
1390162
1390195
1390312
1390478
1390777
1390844
1391127
1391437
1391461
1392091
1392326
1392363
1392380
1392972
1392994
1393020
1393052
1393066
1393299
1393311
1393434
1393612
1393662
1393726
1393818
1393883
1394029
1394056
1394074
1394156
1394319
1395057
1395213
1395325
1395627
1395848
1395937
1395942
1396009
1396033
1396167
1396277
1396440
1396446
1396502
1396814
1397047
1397173
1397187
1397516
1397702
1397911
1398453
1398659
1398733
1398805
1398987
1399249
1399520
1399529
1399708
1399855
1399935
1400810
1400891
1400897
1401040
1401257
1401395
1401521
1401564
1401667
1401680
1401708
1402057
1402281
1402436
1402606
1402829
1402902
1403161
1403256
1403431
1403475
1403528
1403568
1403708
1403752
1403853
1404079
1404281
1404296
1404644
1404655
1404912
1404973
1405073
1405495
1406234
1406587
1406666
1407067
1407298
1407623
1408075
1408100
1408198
1408201
1408278
1408443
1408534
1408710
1409171
1409269
1409375
1409493
1409916
1409970
1410098
1410172
1410384
1410428
1410636
1410939
1411207
1411342
1411488
1411494
1411579
1411685
1411688
1411690
1411906
1412067
1412095
1412100
1412270
1412347
1412408
1412486
1412665
1412707
1413159
1413263
1413329
1413447
1413507
1413745
1413837
1413855
1413898
1414475
1414932
1415301
1415404
1415916
1415921
1417398
1417802
1417892
1418076
1418091
1418100
1418121
1418135
1418819
1419242
1419465
1419536
1419600
1419612
1419625
1419945
1420302
1420520
1420529
1420565
1420720
1420800
1420811
1421182
1421461
1421517
1421876
1422142
1422143
1422183
1422841
1422892
1423221
1423689
1423774
1423824
1423869
1423902
1424755
1424929
1425205
1425287
1425292
1425450
1425565
1426332
1426800
1426945
1427570
1427925
1428205
1428336
1428439
1428522
1428875
1429260
1429560
1429688
1429764
1429937
1430306
1430592
1430602
1430723
1430725
1431372
1431567
1431959
1432196
1433195
1433270
1433607
1433642
1433660
1433714
1434265
1434316
1434418
1434524
1434588
1434614
1434620
1434621
1434647
1434728
1434754
1434868
1435064
1435508
1436126
1436208
1436425
1437071
1437106
1437107
1437226
1437260
1437352
1437402
1437557
1437578
1437786
1437958
1438133
1438231
1438423
1438533
1438644
1438731
1438893
1439095
1439124
1439222
1439288
1439404
1440024
1440972
1441236
1441683
1441693
1441816
1441849
1442145
1442236
1442620
1442626
1442836
1443646
1443669
1443799
1444192
1444307
1444363
1444380
1444406
1445305
1445930
1446159
1446847
1447028
1447051
1447362
1447382
1447599
1447669
1448056
1448301
1448397
1448431
1448893
1449488
1449732
1449792
1450445
1451505
1451809
1452477
1452857
1453015
1453593
1453687
1453814
1454021
1454741
1454789
1454978
1454979
1454980
1454981
1455684
1456346
1456772
1457612
1458412
1458696
1458891
1458962
1459200
1459417
1459839
1460329
1460602
1461119
1461640
1461755
1461993
1462120
1462418
1462586
1463101
1463172
1463258
1463361
1463972
1464343
1464423
1464591
1464790
1464963
1465128
1465740
1465885
1466026
1466085
1466258
1466301
1466538
1466593
1466815
1467154
1467373
1467623
1467652
1467760
1467808
1467858
1468079
1468091
1468174
1468328
1468666
1468748
1469367
1469372
1469392
1469395
1469443
1469510
1470099
1470205
1470683
1471055
1471261
1471265
1471420
1472072
1472091
1472215
1472341
1472595
1472787
1473078
1473334
1473844
1474098
1474432
1474439
1474464
1474627
1474735
1474835
1474903
1475115
1475260
1475348
1475841
1475922
1476034
1476045
1476150
1476651
1476765
1476963
1477246
1477294
1477333
1477425
1477449
1477641
1478069
1478102
1478121
1478242
1478320
1478454
1478726
1478888
1479094
1479238
1479290
1479419
1480999
1481241
1481512
1481513
1481582
1481792
1481832
1482512
1483096
1483195
1483405
1483510
1483934
1483994
1484565
1484949
1485003
1485469
1485538
1486159
1486298
1486299
1486957
1487052
1487101
1487198
1487371
1487428
1487610
1487712
1487730
1487782
1487839
1487843
1487918
1487952
1487986
1488039
1488139
1488613
1488775
1488813
1488917
1489096
1489136
1489393
1490186
1490281
1490286
1490349
1490366
1490892
1490906
1491419
1491487
1491576
1492165
1492298
1492422
1492426
1492633
1492658
1492674
1492691
1492915
1493225
1493523
1493566
1493594
1493761
1494259
1494319
1494530
1494538
1494558
1494582
1494650
1494891
1494904
1495153
1495222
1495231
1495240
1495320
1495479
1495825
1495932
1496048
1496099
1496292
1496323
1496443
1496671
1497186
1497253
1497275
1497504
1497645
1497770
1498068
1498301
1498382
1498403
1498576
1498612
1498710
1498828
1499422
1499453
1499505
1499543
1499620
1499717
1499780
1499781
1499807
1499832
1499849
1499912
1499961
1500096
1500213
1500217
1500375
1500435
1500866
1501078
1501103
1501134
1501364
1501570
1501585
1501756
1501989
1502034
1502154
1502292
1502573
1502711
1502916
1503274
1503290
1503518
1503584
1503802
1504008
1504234
1504379
1504461
1504545
1504619
1504678
1505065
1505155
1505413
1505512
1505732
1505952
1506184
1506251
1506289
1506293
1506307
1506401
1506439
1506488
1506492
1506756
1506928
1507079
1507385
1507605
1507615
1507957
1507986
1508171
1508475
1508478
1508655
1508844
1509190
1509223
1509432
1509470
1509589
1509646
1509745
1509892
1509991
1510295
1510400
1510487
1510593
1510599
1511071
1511198
1511337
1511737
1512074
1512077
1512499
1512673
1512717
1512762
1512931
1513363
1513525
1513761
1513818
1513845
1513856
1513965
1514131
1514281
1514416
1514490
1514597
1514705
1514732
1514743
1514991
1515156
1515324
1515671
1515673
1515816
1515940
1516479
1516805
1516899
1516912
1516973
1517022
1517130
1517175
1517228
1517302
1517342
1517375
1517396
1517399
1517401
1517413
1517492
1517496
1518419
1518621
1518715
1518832
1519061
1519401
1519505
1519751
1520006
1520262
1520504
1520566
1520697
1521036
1521332
1521404
1521951
1522327
1522420
1522602
1522690
1522727
1522807
1523836
1524025
1524190
1524223
1524358
1524472
1524741
1524931
1525201
1525221
1525287
1525494
1525769
1525773
1526113
1526119
1526125
1526329
1526520
1526952
1527166
1527469
1527541
1527590
1527599
1527636
1527709
1527728
1527753
1527762
1528129
1528356
1528396
1528437
1528557
1528837
1528849
1528930
1529113
1529192
1529377
1529463
1529628
1529864
1530238
1530249
1530721
1530766
1530804
1530950
1531031
1531152
1532063
1532286
1532346
1532390
1532619
1532961
1533040
1533232
1533526
1533615
1533924
1533932
1533998
1534120
1534126
1534287
1534293
1534504
1534525
1534675
1534701
1534708
1534880
1534992
1535379
1535527
1535929
1535955
1536196
1537028
1537054
1537435
1537667
1537917
1538217
1538263
1538375
1538716
1538789
1538822
1538849
1538990
1539029
1539638
1539838
1539894
1540159
1540184
1540729
1540947
1541119
1541157
1541401
1543151
1543268
1543418
1544206
1544227
1544229
1545654
1545772
1545851
1546066
1546296
1546381
1546383
1546417
1546429
1547459
1547546
1547638
1547903
1548187
1548309
1549084
1549107
1549346
1549802
1549848
1549922
1549966
1550603
1550695
1550935
1551152
1551306
1551693
1551739
1551901
1551986
1552000
1552033
1552198
1552275
1552448
1552451
1552670
1552797
1552800
1553023
1553079
1553326
1553467
1553846
1554697
1554875
1555039
1555074
1555177
1555280
1555538
1556263
1556266
1556336
1556364
1556593
1556727
1557142
1557523
1557746
1557860
1557883
1557915
1558583
1558785
1559053
1559865
1559909
1559991
1560241
1560258
1560327
1560672
1561387
1561550
1561566
1561627
1561660
1561680
1561743
1561894
1561921
1562214
1562401
1562463
1562476
1562767
1563407
1563411
1563577
1563855
1563880
1564180
1564408
1564538
1564584
1564618
1564708
1564709
1564822
1564824
1564902
1565025
1565228
1565381
1566044
1566388
1566469
1566610
1566826
1566844
1567094
1567345
1567514
1567529
1567569
1567683
1567892
1568100
1568162
1568292
1569134
1569187
1569329
1569650
1569994
1570318
1570562
1570585
1570827
1571123
1571283
1571329
1571498
1571776
1571949
1571996
1572552
1572621
1572694
1572910
1573097
1573166
1573221
1573516
1573698
1574085
1574135
1574197
1574235
1574460
1574540
1574565
1574596
1574774
1574815
1575051
1575189
1575360
1575434
1575515
1575793
1575828
1575965
1576018
1576169
1576263
1576280
1576340
1576427
1576789
1576914
1576940
1576942
1577368
1577437
1577552
1577670
1577791
1577916
1578348
1578453
1578620
1578732
1578735
1578776
1578845
1578932
1578987
1579157
1579214
1579241
1579252
1579298
1579428
1579684
1579823
1579877
1579910
1580156
1580345
1580608
1580670
1580808
1580905
1581068
1581091
1581164
1581280
1581720
1581804
1581934
1581987
1581990
1582086
1582313
1582554
1582568
1582581
1582817
1582966
1582982
1583001
1583103
1583107
1583648
1583771
1584207
1584509
1584549
1584754
1584831
1584952
1585023
1585064
1585364
1585521
1585583
1585608
1585689
1585790
1585855
1586049
1586105
1587221
1587246
1587264
1587523
1587732
1587987
1588084
1588216
1588972
1589061
1589420
1589526
1590364
1590383
1590560
1590584
1590714
1590715
1590717
1590750
1590799
1590877
1590895
1590955
1590976
1591096
1591587
1591588
1591670
1591698
1591763
1591890
1591956
1592000
1592016
1592057
1592058
1592379
1592386
1592480
1592560
1593034
1593195
1593222
1593538
1593548
1593936
1593984
1594012
1594109
1594124
1594337
1594466
1594555
1594686
1594805
1594864
1594879
1595097
1595248
1595353
1595585
1595761
1595893
1595974
1596532
1596783
1596812
1596856
1596946
1596961
1596964
1596967
1596993
1597033
1597095
1597264
1597313
1597553
1597672
1597680
1597835
1597846
1598014
1598110
1598428
1598599
1598646
1598655
1598665
1598968
1599298
1599489
1599617
1599947
1600033
1600125
1600132
1600422
1600438
1600470
1600620
1600847
1600890
1601046
1601072
1601545
1601548
1601669
1601712
1601936
1602065
1602078
1602658
1602842
1603016
1603145
1603207
1603286
1603454
1603756
1603923
1603978
1603993
1604028
1604191
1604416
1604464
1604481
1604522
1604643
1604665
1604738
1604778
1604821
1604868
1604924
1604950
1605301
1605607
1606163
1606180
1606268
1606363
1606366
1606440
1606457
1606498
1606745
1606757
1606909
1607245
1607678
1607716
1607741
1607849
1607962
1607997
1608249
1608390
1608638
1608741
1608742
1609065
1609253
1609351
1609550
1609702
1609711
1609727
1609804
1609809
1609951
1609989
1610092
1610114
1610250
1610418
1610466
1610520
1610532
1610590
1610601
1610618
1610682
1610853
1610950
1611005
1611110
1611547
1611647
1611746
1611747
1611820
1611852
1611983
1612042
1612630
1612720
1612940
1613103
1613665
1613780
1613859
1614067
1614178
1614184
1614744
1614806
1615063
1615165
1615219
1615346
1615418
1615817
1615903
1615905
1616000
1616212
1616262
1616291
1616314
1616318
1616533
1616543
1616707
1616741
1616862
1617049
1617227
1617242
1617406
1617640
1617669
1617898
1617977
1618500
1618563
1618673
1618732
1618756
1618921
1619087
1619250
1619544
1619551
1619762
1619954
1620179
1620280
1620393
1620459
1620533
1620664
1620737
1620928
1621221
1621227
1621434
1621443
1621563
1621672
1621832
1622175
1622194
1622345
1622353
1623526
1623925
1624322
1624326
1624512
1624658
1624794
1625101
1625414
1625791
1626115
1626199
1626853
1626878
1626971
1627014
1627223
1627272
1627281
1627475
1627487
1627606
1627857
1628063
1628369
1628738
1628908
1629019
1629137
1629210
1629261
1630132
1630212
1630472
1630805
1631282
1631569
1631574
1631596
1631650
1631761
1631825
1632127
1632790
1632933
1633070
1633438
1633441
1633651
1633917
1633931
1633932
1633978
1634038
1634117
1634432
1634447
1634997
1635261
1635282
1635327
1635581
1635626
1635650
1635718
1635881
1635984
1636050
1636222
1636282
1636286
1636422
1636519
1636651
1637207
1637459
1637558
1637655
1637736
1637761
1637810
1637890
1637913
1637921
1638097
1638287
1638290
1638381
1638833
1639225
1639300
1639669
1639691
1639825
1639877
1639920
1640043
1640251
1640266
1640384
1640428
1640455
1641197
1641398
1641489
1641614
1641631
1641640
1641991
1642081
1642122
1642271
1642375
1642380
1642545
1643303
1643918
1643953
1644378
1644406
1644440
1644675
1644903
1644963
1645113
1645460
1645469
1645494
1645590
1645666
1646109
1646228
1646587
1647088
1647320
1647338
1647509
1647513
1647933
1648257
1648416
1648428
1648893
1649096
1649744
1649749
1649904
1649989
1650107
1650132
1650372
1650445
1650575
1650664
1650729
1650962
1651052
1651094
1651235
1651308
1651311
1651407
1651561
1651625
1651717
1651944
1652044
1652106
1652130
1652133
1652362
1652535
1652866
1652923
1653087
1653242
1653247
1653477
1653558
1653653
1654151
1654595
1654795
1655020
1655050
1655075
1655099
1655210
1655759
1655888
1656081
1656239
1656328
1656472
1656634
1656936
1657197
1657312
1657788
1657853
1658247
1658566
1659122
1659166
1659323
1659494
1659520
1659617
1659939
1660046
1660134
1660280
1660334
1660690
1660719
1660734
1661053
1661059
1661125
1661181
1661920
1661998
1662253
1662524
1662774
1664106
1664703
1665300
1665658
1665918
1666071
1666134
1666138
1666175
1666700
1667161
1667313
1667415
1667633
1667939
1667944
1668105
1668243
1668340
1668370
1668397
1668428
1668673
1668717
1669162
1669600
1669779
1669811
1669812
1670349
1670541
1670592
1671013
1671502
1671584
1671854
1671933
1672013
1672326
1672909
1673358
1673481
1673772
1673985
1674168
1674227
1674335
1674365
1674416
1674657
1674862
1674910
1674930
1674988
1675033
1675149
1675192
1675634
1675644
1675820
1676479
1676667
1676725
1677203
1677250
1677576
1677703
1677940
1678022
1678463
1678531
1679033
1679049
1679063
1679082
1679268
1679273
1679363
1679688
1679826
1680048
1680062
1680247
1680378
1680379
1680581
1680873
1681087
1681206
1681348
1681459
1681622
1681682
1681689
1681714
1681903
1681941
1682149
1682220
1682241
1682325
1682639
1682745
1682852
1683541
1683606
1683695
1683825
1684144
1684425
1684693
1685040
1685071
1685316
1685715
1686850
1687081
1687187
1687221
1687229
1687277
1687451
1687542
1687932
1688476
1688568
1688757
1688852
1688941
1689662
1689796
1689813
1689923
1690334
1690511
1690585
1690666
1690680
1690769
1690820
1690881
1690947
1691077
1691303
1691337
1691433
1691445
1691507
1691936
1692063
1692115
1692412
1692415
1692427
1692705
1692787
1692819
1692830
1693256
1693415
1693577
1694028
1694187
1694426
1694665
1695357
1696355
1696396
1696558
1696804
1697463
1697500
1697532
1697818
1697851
1697862
1698209
1698287
1698514
1698530
1698535
1698990
1699018
1699039
1699136
1699150
1699683
1701040
1701051
1701108
1701114
1701167
1701229
1701261
1701605
1701732
1701758
1701808
1701809
1701821
1702744
1702750
1702780
1702924
1703038
1703056
1703079
1703141
1703399
1703489
1703497
1703644
1703647
1703785
1703956
1704235
1704292
1704596
1704711
1704715
1704720
1704760
1705012
1705110
1705259
1705338
1705402
1705682
1705696
1705771
1705843
1705873
1706431
1706946
1707092
1707178
1707210
1707303
1707502
1707679
1707753
1707925
1708035
1708055
1708259
1708301
1708341
1708405
1708410
1708441
1708493
1708599
1708688
1709017
1709164
1709401
1709505
1709626
1709682
1709768
1709819
1710155
1710340
1710350
1710366
1710583
1711012
1711269
1711279
1711291
1711375
1711675
1711754
1711786
1712178
1712184
1712189
1712463
1712807
1712923
1713334
1713443
1713683
1713832
1713863
1713923
1713930
1713947
1714368
1714798
1714899
1715497
1716338
1716621
1716697
1716770
1717161
1717307
1717393
1717452
1717547
1717556
1717961
1718108
1718227
1718512
1718903
1719406
1719489
1719714
1719893
1720025
1720116
1720161
1720201
1720353
1720446
1720580
1720592
1720635
1720725
1720893
1721181
1721741
1722010
1722380
1722482
1722608
1722684
1722890
1722926
1722964
1722992
1723069
1723089
1723128
1723580
1723596
1723648
1723690
1723866
1723935
1723980
1724009
1724344
1724521
1724542
1724670
1724755
1724965
1725033
1725123
1725255
1725293
1725526
1725579
1725964
1726126
1726173
1726189
1726293
1726978
1727196
1727263
1728041
1728117
1728190
1728205
1728688
1728951
1729089
1729149
1729173
1729244
1729427
1729756
1729944
1730168
1730346
1730430
1730463
1730984
1731176
1731348
1731388
1731727
1731831
1732845
1733186
1733298
1733413
1733418
1733868
1733998
1734005
1734107
1734262
1734342
1734517
1734520
1734713
1734768
1734875
1734902
1735184
1735556
1735707
1735828
1735858
1736541
1736874
1736946
1737287
1737339
1737422
1737450
1737706
1737806
1737927
1737953
1738177
1738699
1738827
1738906
1739104
1739174
1739426
1739445
1739936
1739940
1739942
1740332
1740547
1740594
1740915
1741530
1741534
1742056
1742089
1742518
1742692
1742770
1742924
1743102
1743340
1743745
1743858
1743881
1743886
1743971
1744489
1744659
1744676
1744781
1744894
1744895
1745041
1745431
1745797
1745916
1746037
1746109
1746129
1746466
1746468
1746618
1746967
1747009
1747068
1747079
1748252
1748621
1748679
1748773
1748790
1748797
1748824
1748907
1749723
1749797
1750019
1750264
1750593
1750735
1751017
1751299
1751692
1751783
1751788
1751876
1752039
1752828
1752836
1753268
1753539
1753648
1753706
1753886
1754301
1754323
1754581
1754824
1755058
1755237
1755672
1755953
1756262
1756497
1756607
1756699
1756708
1757064
1757073
1757097
1757143
1757399
1757715
1757840
1757898
1758057
1758488
1758530
1758730
1758736
1759136
1759138
1759425
1759509
1759614
1759774
1759783
1760173
1760542
1760689
1760717
1760965
1761312
1761612
1761940
1762301
1762417
1762506
1763197
1763731
1764046
1764301
1764925
1766146
1766368
1766400
1766502
1766600
1767043
1767258
1767837
1768224
1768259
1768267
1769267
1769318
1769484
1769617
1769624
1769663
1769731
1770141
1770251
1770450
1770787
1770883
1771007
1771279
1771515
1771908
1771917
1772016
1772177
1772253
1772695
1773087
1773383
1773427
1774170
1774675
1775625
1776903
1776985
1777921
1778114
1779128
1779474
1779476
1780097
1780531
1780652
1781162
1781753
1781755
1781983
1783183
1783400
1784036
1784797
1784851
1785173
1785424
1785592
1786117
1786352
1786909
1787425
1787791
1788016
1788841
1789832
1792044
1792580
1794846
1799208
1801075
1802212
1808065
1808834
1808898
1811074
1819576
1823608
1829576
1831096
1841666

